5,259
5,258
5,257
5,256
5,255
5,254
5,253
5,252
5,251
5,250
5,249
5,248
5,247
5,246
5,245
5,244
5,243
5,242
5,241
5,240
5,239
5,238
5,237
5,236
5,235
5,234
5,233
5,232
5,231
5,230
5,229
5,228
5,227
5,226
5,225
5,224
5,223
5,222
5,221
5,220
5,219
5,218
5,217
5,216
5,215
5,214
5,213
5,212
5,211
5,210
5,209
5,208
5,207
5,206
5,205
5,204
5,203
5,202
5,201
5,200
5,199
5,198
5,197
5,196
5,195
5,194
5,193
5,192
5,191
5,190
5,189
5,188
5,187
5,186
5,185
5,184
5,183
5,182
5,181
5,180
5,179
5,178
5,177
5,176
5,175
5,174
5,173
5,172
5,171
5,170
5,169
5,168
5,167
5,166
5,165
5,164
5,163
5,162
5,161
5,160
5,159
5,158
5,157
5,156
5,155
5,154
5,153
5,152
5,151
5,150
5,149
5,148
5,147
5,146
5,145
5,144
5,143
5,142
5,141
5,140
5,139
5,138
5,137
5,136
5,135
5,134
5,133
5,132
5,131
5,130
5,129
5,128
5,127
5,126
5,125
5,124
5,123
5,122
5,121
5,120
5,119
5,118
5,117
5,116
5,115
5,114
5,113
5,112
5,111
5,110
5,109
5,108
5,107
5,106
5,105
5,104
5,103
5,102
5,101
5,100
5,99
5,98
5,97
5,96
5,95
5,94
5,93
5,92
5,91
5,90
5,89
5,88
5,87
5,86
5,85
5,84
5,83
5,82
5,81
5,80
5,79
5,78
5,77
5,76
5,75
5,74
5,73
5,72
5,71
5,70
5,69
5,68
5,67
5,66
5,65
5,64
5,35
5,34
5,33
5,32
5,31
5,30
5,29
5,28
5,27
5,26
5,25
5,24
5,23
5,22
5,21
5,20
5,19
5,18
5,17
5,16
5,15
5,14
5,13
5,12
5,11
5,10
5,9
5,8
5,7
5,6
5,5
5,4
5,3
5,2
5,1
5,0
4,3
2,3
1,3
0,243
0,9
0,1
5,260
5,261
5,263
5,264
5,266
5,267
5,269
5,271
5,272
5,274
5,275
5,277
5,279
5,280
5,282
5,283
5,285
5,286
5,288
5,290
5,291
5,293
5,294
5,296
5,298
5,299
5,301
5,302
5,304
5,305
5,307
5,309
5,310
5,312
5,313
5,315
5,317
5,318
5,320
5,321
5,323
5,324
5,326
5,328
5,329
5,331
5,332
5,334
5,336
5,337
5,339
5,340
5,342
5,344
5,345
5,347
5,348
5,350
5,351
5,353
5,355
5,356
5,358
5,359
5,361
5,363
5,364
5,366
5,367
5,369
5,370
5,372
5,374
5,375
5,377
5,378
5,380
5,382
5,383
5,385
5,386
5,388
5,389
5,391
5,393
5,394
5,396
5,397
5,399
5,401
5,402
5,404
5,405
5,407
5,409
5,410
5,412
5,413
5,415
5,416
5,418
5,420
5,421
5,423
5,424
5,426
5,428
5,429
5,431
5,432
5,434
5,435
5,437
5,439
5,440
5,442
5,443
5,445
5,447
5,448
5,450
5,451
5,453
5,454
5,456
5,458
5,459
5,461
5,462
5,464
5,466
5,467
5,469
5,470
5,472
5,473
5,475
5,477
5,478
5,480
5,481
5,483
5,485
5,486
5,488
5,489
5,491
5,493
5,494
5,496
5,497
5,499
5,500
5,502
5,504
5,505
5,507
5,508
5,510
5,512
5,513
5,515
5,516
5,518
5,519
5,521
5,523
5,524
5,526
5,527
5,529
5,531
5,532
5,534
5,535
5,537
5,538
5,540
5,542
5,543
5,545
5,546
5,548
5,550
5,551
5,553
5,554
5,556
5,558
5,559
5,561
5,562
5,564
5,565
5,567
5,569
5,570
5,572
5,573
5,575
5,577
5,578
5,580
5,581
5,583
5,584
5,586
5,588
5,589
5,591
5,592
5,594
5,596
5,597
5,599
5,600
5,602
5,603
5,605
5,607
5,608
5,610
5,611
5,613
5,615
5,616
5,618
5,619
5,621
5,622
5,624
5,626
5,627
5,629
5,630
5,632
5,634
5,635
5,637
5,638
5,640
5,642
5,643
5,645
5,646
5,648
5,649
5,651
5,653
5,654
5,656
5,657
5,659
5,661
5,662
5,664
5,665
5,667
5,668
5,670
5,672
5,673
5,675
5,676
5,678
5,680
5,681
5,683
5,684
5,686
5,687
5,689
5,691
5,692
5,694
5,695
5,697
5,699
5,700
5,702
5,703
5,705
5,707
5,708
5,710
5,711
5,713
5,714
5,716
5,718
5,719
5,721
5,722
5,724
5,726
5,727
5,729
5,730
5,732
5,733
5,735
5,737
5,738
5,740
5,741
5,743
5,745
5,746
5,748
5,749
5,751
5,752
5,754
5,756
5,757
5,759
5,760
5,762
5,764
5,765
5,767
5,768
5,770
5,772
5,773
5,775
5,776
5,778
5,779
5,781
5,783
5,784
5,786
5,787
5,789
5,791
5,792
5,794
5,795
5,797
5,798
5,800
5,802
5,803
5,805
5,806
5,808
5,810
5,811
5,813
5,814
5,816
5,817
5,819
5,821
5,822
5,824
5,825
5,827
5,829
5,830
5,832
5,833
5,835
5,836
5,838
5,840
5,841
5,843
5,844
5,846
5,848
5,849
5,851
5,852
5,854
5,856
5,857
5,859
5,860
5,862
5,863
5,865
5,867
5,868
5,870
5,871
5,873
5,875
5,876
5,878
5,879
5,881
5,882
5,884
6,0
6,1
6,3
6,4
6,6
6,8
6,9
6,11
6,12
6,14
6,15
6,17
6,19
6,20
6,22
6,23
6,25
6,27
6,28
6,30
6,31
6,33
6,35
6,64
6,66
6,67
6,127
6,65
6,34
6,32
6,29
6,26
6,24
6,21
6,18
6,16
6,13
6,10
6,7
6,5
6,2
5,885
5,883
5,880
5,877
5,874
5,872
5,869
5,866
5,864
5,861
5,858
5,855
5,853
5,850
5,847
5,845
5,842
5,839
5,837
5,834
5,831
5,828
5,826
5,823
5,820
5,818
5,815
5,812
5,809
5,807
5,804
5,801
5,799
5,796
5,793
5,790
5,788
5,785
5,782
5,780
5,777
5,774
5,771
5,769
5,766
5,763
5,761
5,758
5,755
5,753
5,750
5,747
5,744
5,742
5,739
5,736
5,734
5,731
5,728
5,725
5,723
5,720
5,717
5,715
5,712
5,709
5,706
5,704
5,701
5,698
5,696
5,693
5,690
5,688
5,685
5,682
5,679
5,677
5,674
5,671
5,669
5,666
5,663
5,660
5,658
5,655
5,652
5,650
5,647
5,644
5,641
5,639
5,636
5,633
5,631
5,628
5,625
5,623
5,620
5,617
5,614
5,612
5,609
5,606
5,604
5,601
5,598
5,595
5,593
5,590
5,587
5,585
5,582
5,579
5,576
5,574
5,571
5,568
5,566
5,563
5,560
5,557
5,555
5,552
5,549
5,547
5,544
5,541
5,539
5,536
5,533
5,530
5,528
5,525
5,522
5,520
5,517
5,514
5,511
5,509
5,506
5,503
5,501
5,498
5,495
5,492
5,490
5,487
5,484
5,482
5,479
5,476
5,474
5,471
5,468
5,465
5,463
5,460
5,457
5,455
5,452
5,449
5,446
5,444
5,441
5,438
5,436
5,433
5,430
5,427
5,425
5,422
5,419
5,417
5,414
5,411
5,408
5,406
5,403
5,400
5,398
5,395
5,392
5,390
5,387
5,384
5,381
5,379
5,376
5,373
5,371
5,368
5,365
5,362
5,360
5,357
5,354
5,352
5,349
5,346
5,343
5,341
5,338
5,335
5,333
5,330
5,327
5,325
5,322
5,319
5,316
5,314
5,311
5,308
5,306
5,303
5,300
5,297
5,295
5,292
5,289
5,287
5,284
5,281
5,278
5,276
5,273
5,270
5,268
5,265
5,262
0,300
0,299
0,298
0,297
0,296
0,295
0,294
0,293
0,292
0,291
0,290
0,289
0,288
0,287
0,286
0,285
0,284
0,283
0,282
0,281
0,280
0,279
0,278
0,277
0,276
0,275
0,274
0,273
0,272
0,271
0,270
0,269
0,268
0,267
0,266
0,265
0,264
0,263
0,262
0,261
0,260
0,259
0,258
0,257
0,256
0,255
0,254
0,253
0,252
0,251
0,250
0,249
0,248
0,247
0,246
0,245
0,244
0,242
0,241
0,240
0,239
0,238
0,237
0,236
0,235
0,234
0,233
0,232
0,231
0,230
0,229
0,228
0,227
0,226
0,225
0,224
0,223
0,222
0,221
0,220
0,219
0,218
0,217
0,216
0,215
0,214
0,213
0,212
0,211
0,210
0,209
0,208
0,207
0,206
0,205
0,204
0,203
0,202
0,201
0,200
0,199
0,198
0,197
0,196
0,195
0,194
0,193
0,192
0,63
0,62
0,61
0,60
0,59
0,58
0,57
0,56
0,55
0,54
0,53
0,52
0,51
0,50
0,49
0,48
0,47
0,46
0,45
0,6
0,0
0,5
0,304
0,303
0,306
0,305
0,302
0,12
0,10
0,8
0,11
0,2
0,4
0,3
0,7
